03    04    09    12    14    17    22    23
04    05    10    11    16    19    21    24
01    03    06    11    12    17    18    23
05    08    10    13    18    19    24    25
01    06    07    12    15    17    20    25
02    07    08    13    14    19    22    24
01    04    06    09    14    15    20    21
02    03    08    11    13    16    21    22
03    04    09    10    15    18    20    23
02    05    10    11    16    17    22    25
04    07    09    12    17    18    23    24
05    06    11    14    16    19    24    25
01    06    07    12    13    18    21    23
03    05    08    13    14    19    20    25
01    02    07    10    12    15    20    21
02    03    08    09    14    17    19    22
01    04    09    10    15    16    21    24
03    06    08    11    16    17    22    23
04    05    10    13    15    18    23    24
05    06    11    12    17    20    22    25
02    04    07    12    13    18    19    24
01    06    09    11    14    19    20    25
01    02    07    08    13    16    18    21
02    05    07    10    15    16    21    22
02    05    07    10    15    16    21    22