01 02 05 06 07 08 10 11 13 15 16 18 19 20 21 24 25
03 04 22 23

01 02 03 06 07 08 09 12 13 14 15 17 18 20 22 23 25
04 05 10 11

02 04 05 07 08 09 10 13 14 15 16 19 20 21 22 24 25
11 12 17 18

01 02 03 04 06 07 09 11 12 14 15 16 17 20 21 22 23
18 19 24 25

02 03 04 05 08 09 10 11 13 14 16 18 19 21 22 23 24
01 06 07 25 

01 03 04 05 06 09 10 11 12 15 16 17 18 20 21 23 25
07 08 13 14

02 03 05 07 08 10 11 12 13 16 17 18 19 22 23 24 25
14 15 20 21

01 04 05 06 07 09 10 12 14 15 17 18 19 20 23 24 25
02 03 21 22

01 02 05 06 07 08 11 12 13 14 16 17 19 21 22 24 25
03 04 09 10

01 03 04 06 07 08 09 12 13 14 15 18 19 20 21 23 24
10 11 16 17

01 02 03 05 06 08 10 11 13 14 15 16 19 20 21 22 25
17 18 23 24

01 02 03 04 07 08 09 10 12 13 15 17 18 20 21 22 23
05 06 24 25

02 03 04 05 08 09 10 11 14 15 16 17 19 20 22 24 25
06 07 12 13

01 02 04 06 07 09 10 11 12 15 16 17 18 21 22 23 24
13 14 19 20

03 04 05 06 08 09 11 13 14 16 17 18 19 22 23 24 25
01 02 20 21

01 04 05 06 07 10 11 12 13 15 16 18 20 21 23 24 25
02 03 08 09

02 03 05 06 07 08 11 12 13 14 17 18 19 20 22 23 25
09 10 15 16

01 02 04 05 07 09 10 12 13 14 15 18 19 20 21 24 25
16 17 22 23

01 02 03 06 07 08 09 11 12 14 16 17 19 20 21 22 25
04 05 23 24

01 02 03 04 07 08 09 10 13 14 15 16 18 19 21 23 24
05 06 11 12

01 03 05 06 08 09 10 11 14 15 16 17 20 21 22 23 25
12 13 18 19

02 03 04 05 07 08 10 12 13 15 16 17 18 21 22 23 24
01 19 20 25

03 04 05 06 09 10 11 12 14 15 17 19 20 22 23 24 25
01 02 07 08

01 02 04 05 06 07 10 11 12 13 16 17 18 19 21 22 24
08 09 14 15

01 03 04 06 08 09 11 12 13 14 17 18 19 20 23 24 25
15 16 21 22