Fixos []   []   []
Descrição: 
 Números de 21º ao 25º:  01 02 13 24 25 | 3
			 03 04 05 06 07 | 3
                         08 09 10 11 12 | 3
	            	 14 15 16 17 18 | 3
 			 19 20 21 22 23 | 3 
Linhas A/B= 1 - 9 Sorteados -- 6 não sorteados
Linhas C/D= 1 - 6 Sorteados -- 4 não sorteados


03 06 07 10 11 12 13 14 15 18 19 20 21 24 25
------------------
2 - Exceto a 1 + [10 a 13] na linhas de 15 e [6 a 9] nas linhas de 10
 		devem ter 10 pares e a soma dos 19 é = a 247 e 9i10p
	Gerar 12 dos 19 e soma deve ser = 156 e 6i6p
	Gerar 7 dos 10 e soma de ser = 91 e 3i4p
	19 para 25 sobram 6 com soma =78 e 3 S e 3 Ns
	12 c/3 =15 e 7 com 3 = 10


SIM -Foi feito a prova dos Impares e Pares - Etapa 5
SIM -Foi feito a prova dos blocos de 5 - Etapa 6
NAO -Triplas e Duplas:6 - Não fazer esta etapa- Etapa 7

9.025-460/ 7.676-376
--------------

 Números de 21º ao 25º: Passou
01 02 13 24 25 | 3
03 04 05 06 07 | 3
08 09 10 11 12 | 3
14 15 16 17 18 | 3
19 20 21 22 23 | 3
== 13.15.25 / 03.06.07 / 10.11.12 / 14.15.18 / 19.20.21

Bloco 1 : Passou
L1 4
L2 2 
L3 3
L4 2
L5 4
gerou
qtd2=2
qtd3=1
qtd4=2
== OK


etapa 5 : Passou
5. 01 07 09 11 15 17 19 25
4. 02 04 06 14 20 22 24
3. 03 05 13 21 23
3. 08 10 12 16 18 
== 07.11.15.19.25 / 06.14.20.24 / 03.13.21 / 10.12.18

Etapa 6: Passou
01 02 03 04 05 
06 07 08 09 10
11 12 13 14 15
16 17 18 19 20
21 22 23 24 25
== 5 em 15 gera 03-06-11-18-21 e tem 1 em cada linha Ok



 Linhas A/B= 1 - 9 Sorteados -- 6 não sorteados
 Linhas C/D= 1 - 6 Sorteados -- 4 não sorteados


 









TESTE DO FILTRO 25 LINHAS:
CONFERI O RESULTADO COM O SEGUINTE JOGO DE 15 NRS SORTEADOS:
03 06 07 10 11 12 13 14 15 18 19 20 21 24 25
10 NRS NÃO SORTS: 01 02 04 05 08 09 16 17 22 23

O MÁXIMO DE COINCIDENCIA FOI O JG Nº 72, QUE DEU 11 NRS. COINCIDENTES SORTEADOS (ENTRE OS 116 JGS. PROCESSADOS PELO FILTRO)

PERGUNTA: O QUE FALTOU PARA OCORRER AS 15 COINCIDÊNCIAS? OS 4 NRS. FALTANTES FORAM DEVIDO O QUE?

116 JGS NO ANEXO
ABAIXO, COPIEI E COLEI O HISTORICO:

SIMULACAO_11
RESULTADO:
=====>116
Fixos []   []   []
Descrição: 
Forma dos 19 números: 2 - Exceto a 1 + [10 a 13] na linhas de 15 e [6 a 9] nas linhas de 10
 Números de 21º ao 25º:  0102132425 | 0304050607 | 0809101112 | 1415161718 | 1920212223 | 
 Foi feito a prova dos Impares e Pares :Sim
 Linhas A/B= 1 - 9 Sorteados -- 6 não sorteados
   Linhas C/D= 1 - 6 Sorteados -- 4 não sorteados
 Foi feito a prova dos blocos de 5:Sim
 Triplas e Duplas:6 - Não fazer esta etapa
Aplicado na simulação:
RESULTADO:
  116
- - - - - - - - - - - - - - - - - -
SIMULACAO_11
RESULTADO:
=====>116
Fixos []   []   []
Descrição: 
Forma dos 19 números: 2 - Exceto a 1 + [10 a 13] na linhas de 15 e [6 a 9] nas linhas de 10
 Números de 21º ao 25º:  0102132425 | 0304050607 | 0809101112 | 1415161718 | 1920212223 | 
 Foi feito a prova dos Impares e Pares :Sim
 Linhas A/B= 1 - 9 Sorteados -- 6 não sorteados
   Linhas C/D= 1 - 6 Sorteados -- 4 não sorteados
 Foi feito a prova dos blocos de 5:Sim
 Triplas e Duplas:6 - Não fazer esta etapa

01 02 03 04 05 08 09 12 15 17 18 20 22 23 25 
01 02 03 04 05 08 11 12 14 17 18 19 22 23 25 
01 02 03 04 05 08 11 12 15 17 18 20 22 23 25 
01 02 03 04 05 09 10 11 15 16 18 20 22 23 25 
01 02 03 04 05 09 10 11 16 17 18 20 21 22 25 
01 02 03 04 05 09 10 11 16 17 18 20 22 23 25 
01 02 03 04 05 09 10 12 15 16 17 20 22 23 25 
01 02 03 04 05 09 10 12 15 17 18 19 22 23 24 
01 02 03 04 05 09 11 12 14 16 18 19 22 23 25 
01 02 03 04 05 09 11 12 15 16 18 20 21 22 25 
01 02 03 04 05 09 11 12 15 16 18 20 22 23 25 
01 02 03 04 05 09 11 12 16 17 18 20 21 22 25 
01 02 03 04 05 10 11 12 15 16 17 19 22 23 24 
01 02 03 04 05 10 11 12 15 17 18 19 20 23 24 
01 02 03 04 05 10 11 12 15 17 18 19 22 23 24 
01 02 03 04 06 08 10 11 15 17 18 20 21 23 25 
01 02 03 04 06 08 10 11 15 17 18 21 22 23 25 
01 02 03 04 06 08 11 12 14 17 18 19 21 23 25 
01 02 03 04 06 08 11 12 15 17 18 20 21 23 25 
01 02 03 04 06 09 10 11 15 16 18 20 21 23 25 
01 02 03 04 06 09 10 11 15 16 18 21 22 23 25 
01 02 03 04 06 09 10 12 15 16 17 20 21 23 25 
01 02 03 04 06 09 10 12 15 16 17 21 22 23 25 
01 02 03 04 06 10 11 12 14 16 17 19 21 23 25 
01 02 03 04 06 10 11 12 15 16 17 20 21 23 25 
01 02 03 04 07 08 09 10 14 17 18 21 22 23 25 
01 02 03 04 07 08 09 11 16 17 18 20 21 23 24 
01 02 03 04 07 08 09 11 16 17 18 21 22 23 24 
01 02 03 04 07 08 09 12 14 15 18 21 22 23 25 
01 02 03 04 07 08 10 11 15 17 18 20 21 23 24 
01 02 03 04 07 08 10 11 15 17 18 21 22 23 24 
01 02 03 04 07 09 11 12 14 16 18 20 21 23 25 
01 02 03 04 07 10 11 12 14 15 16 20 21 23 25 
01 02 03 04 07 10 11 12 14 15 16 21 22 23 25 
01 02 03 05 06 08 09 10 15 17 18 20 22 23 25 
01 02 03 05 06 08 09 11 16 17 18 19 22 23 24 
01 02 03 05 06 08 09 12 14 17 18 19 22 23 25 
01 02 03 05 06 08 09 12 15 17 18 20 21 22 25 
01 02 03 05 06 08 09 12 15 17 18 20 22 23 25 
01 02 03 05 06 08 10 11 15 17 18 19 22 23 24 
01 02 03 05 06 08 11 12 15 17 18 19 21 22 24 
01 02 03 05 06 09 10 12 15 16 17 20 21 22 25 
01 02 03 05 06 10 11 12 14 15 16 19 22 23 25 
01 02 03 05 06 10 11 12 14 16 17 19 21 22 25 
01 02 03 05 06 10 11 12 15 16 17 20 21 22 25 
01 02 03 05 06 10 11 12 15 17 18 19 20 23 24 
01 02 03 05 07 08 09 11 15 16 18 20 22 23 24 
01 02 03 05 07 08 09 11 16 17 18 20 21 22 24 
01 02 03 05 07 08 09 12 14 17 18 19 22 23 24 
01 02 03 05 07 08 09 12 15 17 18 20 22 23 24 
01 02 03 05 07 08 10 11 14 15 18 20 22 23 25 
01 02 03 05 07 08 10 11 14 17 18 20 21 22 25 
01 02 03 05 07 08 10 11 14 17 18 20 22 23 25 
01 02 03 05 07 08 10 12 14 15 17 20 22 23 25 
01 02 03 05 07 08 11 12 14 15 18 20 21 22 25 
01 02 03 05 07 08 11 12 14 15 18 20 22 23 25 
01 02 03 05 07 08 11 12 14 16 17 19 22 23 24 
01 02 03 05 07 08 11 12 14 17 18 20 21 22 25 
01 02 03 05 07 08 11 12 15 16 17 20 22 23 24 
01 02 03 05 07 09 10 12 14 15 18 19 22 23 24 
01 02 03 05 07 09 10 12 14 17 18 19 20 23 24 
01 02 03 05 07 09 10 12 14 17 18 19 21 22 24 
01 02 03 05 07 09 10 12 14 17 18 19 22 23 24 
01 02 03 05 07 09 10 12 15 17 18 20 21 22 24 
01 02 03 05 07 10 11 12 14 15 16 20 21 22 25 
01 02 03 06 07 08 09 10 14 15 18 21 22 23 25 
01 02 03 06 07 08 09 11 14 16 18 20 21 23 25 
01 02 03 06 07 08 09 11 14 16 18 21 22 23 25 
01 02 03 06 07 08 09 12 14 16 17 20 21 23 25 
01 02 03 06 07 08 09 12 14 16 17 21 22 23 25 
01 02 03 06 07 08 09 12 14 17 18 20 21 23 25 
01 02 03 06 07 08 10 11 14 15 18 20 21 23 25 
01 02 03 06 07 08 10 11 14 15 18 21 22 23 25 
01 02 03 06 07 08 10 11 15 16 17 20 21 23 24 
01 02 03 06 07 08 10 11 15 16 17 21 22 23 24 
01 02 03 06 07 08 10 12 14 15 17 20 21 23 25 
01 02 03 06 07 08 10 12 14 15 17 21 22 23 25 
01 02 03 06 07 08 11 12 14 16 17 19 21 23 24 
01 02 03 06 07 08 11 12 15 16 17 20 21 23 24 
01 02 03 06 07 09 10 11 14 16 18 20 21 23 25 
01 02 03 06 07 09 10 12 14 15 16 20 21 23 25 
01 02 03 06 07 09 10 12 14 15 16 21 22 23 25 
01 02 03 06 07 09 10 12 14 16 17 20 21 23 25 
01 02 03 06 07 09 10 12 14 17 18 19 21 23 24 
01 02 03 06 07 10 11 12 14 16 17 19 21 23 24 
01 02 04 05 06 08 09 12 15 17 18 19 21 23 24 
01 02 04 05 06 08 10 11 15 16 17 20 21 23 25 
01 02 04 05 06 08 10 11 15 16 17 21 22 23 25 
01 02 04 05 06 08 11 12 14 16 17 19 21 23 25 
01 02 04 05 06 08 11 12 15 16 17 20 21 23 25 
01 02 04 05 06 09 10 11 16 17 18 19 21 23 24 
01 02 04 05 06 09 11 12 15 16 18 19 21 23 24 
01 02 04 05 07 08 09 10 14 16 17 21 22 23 25 
01 02 04 05 07 08 09 10 15 17 18 20 21 23 24 
01 02 04 05 07 08 09 10 15 17 18 21 22 23 24 
01 02 04 05 07 08 09 11 14 16 18 20 21 23 25 
01 02 04 05 07 08 09 11 14 16 18 21 22 23 25 
01 02 04 05 07 08 09 12 14 15 16 21 22 23 25 
01 02 04 05 07 08 10 11 14 17 18 19 21 23 24 
01 02 04 05 07 08 10 11 15 16 17 20 21 23 24 
01 02 04 05 07 08 10 11 15 16 17 21 22 23 24 
01 02 04 05 07 08 10 11 15 17 18 20 21 23 24 
01 02 04 05 07 08 11 12 14 15 18 19 21 23 24 
01 02 05 06 07 08 09 10 14 15 16 21 22 23 25 
01 02 05 06 07 08 09 12 14 16 17 20 21 23 25 
01 02 05 06 07 08 10 11 14 15 16 20 21 23 25 
01 02 05 06 07 08 10 11 14 15 16 21 22 23 25 
01 02 05 06 07 08 10 11 14 17 18 19 21 23 24 
01 02 05 06 07 08 11 12 14 15 18 19 21 23 24 
01 02 05 06 07 09 10 11 14 16 18 19 21 23 24 
01 02 05 06 07 09 10 12 14 16 17 19 21 23 24 
01 03 04 05 08 09 10 13 14 16 17 19 20 22 25 
01 03 04 05 08 09 12 13 14 15 16 19 20 22 25 
01 03 04 06 08 09 10 13 14 15 16 19 20 23 25 
01 03 04 06 08 09 10 13 14 16 17 19 20 21 25 
01 03 04 06 08 09 12 13 14 15 16 19 20 21 25 
