01 03 05 07 13 17 21 25
09 11 15 19 23

01 03 05 07 09 15 19 23
11 13 17 21 25

03 05 07 09 11 17 21 25
01 13 15  19 23

01 05 07 09 11 13 19 23
03 15 17 21 25

03 07 09 11 13 15 21 25
01 05 17 19 23
 
01 05 09 11 13 15 17 23
03 07 19 21 25

03 07 11 13 15 17 19 25
01 05 09 21 23

01 05 09 13 15 17 19 21
03 07 1123 25

03 07 11 15 17 19 21 23
01 05 09 13 25

05 09 13 17 19 21 23 25
01 03 07 11 15

01 07 11 15 19 21 23 25
03 05 09 13 17

01 03 09 13 17 21 23 25
05 07 11 15 19

01 03 05 11 15 19 23 25
07 09 13 17 21
