05 07 09 11 15 19 23
01 03 13 17 21 25

07 09 11 13 17 21 25
01 03 05 15 19 23

01 09 11 13 15 19 23
03 05 07 17 21 25

03 11 13 15 17 21 25
01 05 07 09 19 23

01 05 13 15 17 19 23
03 07 09 11 21 25

03 07 15 17 19 21 25
01 05 09 11 13 23

01 05 09 17 19 21 23
03 07 11 13 15 25

03 07 11 19 21 23 25
01 05 09 13 15 17

01 05 09 13 21 23 25
03 07 11 15 17 19

01 03 07 11 15 23 25
05 09 13 17 19 21

01 03 05 09 13 17 25
07 11 15 19 21 23

01 03 05 07 11 15 19
09 13 17 21 23 25

03 05 07 09 13 17 21
01 11 15 19 23 25
