-01-01 02 03 04 07 09 10 11 12 14 16 17 19 22 23 24 25
-02-01 02 03 04 07 09 10 12 13 14 16 17 19 22 23 24 25
-03-01 02 03 04 07 09 10 12 14 15 16 17 19 22 23 24 25
-04-03 04 05 06 07 08 09 10 15 16 17 18 19 20 21 22 23
-05-03 04 05 06 07 08 09 10 13 16 17 18 19 20 21 22 23
-06-03 04 05 06 07 08 09 10 11 16 17 18 19 20 21 22 23
-07-01 02 03 04 05 06 08 11 12 13 14 15 18 20 21 24 25
-08-01 02 03 05 06 08 11 12 13 14 15 18 20 21 22 24 25
-09-01 02 03 05 06 08 11 12 13 14 15 18 20 21 23 24 25
-10-01 02 04 05 06 08 11 12 13 14 15 18 20 21 22 24 25
-11-01 02 04 05 06 08 11 12 13 14 15 18 20 21 23 24 25
-12-01 02 05 06 08 11 12 13 14 15 18 20 21 22 23 24 25
-13-05 06 07 08 09 10 11 13 15 16 17 18 19 20 21 22 23
-14-04 05 06 07 08 09 10 11 13 15 16 17 18 19 20 21 23
-15-04 05 06 07 08 09 10 11 13 15 16 17 18 19 20 21 22
-16-03 05 06 07 08 09 10 11 13 15 16 17 18 19 20 21 23
-17-03 05 06 07 08 09 10 11 13 15 16 17 18 19 20 21 22
-18-03 04 05 06 07 08 09 10 11 13 15 16 17 18 19 20 21
11a14



